7
14
21
28
35
42
49
56
63
70
77
84
102
109
121
144
156
168
180
192
204
216
332
344
372
384
396
420
432
444
456
468
564
576
588
621
633
645
689
701
713
725
737
1032
1044
1056
1097
1109
1121
1183
1205
1226
1238
1250
1262
1274
1286
1298
1310
1322
1334
1346
1358
1370
1382
1394
1406
1418
1430
1442
1454
1466
1478
1490
1502
1514
1526
1538
1550
1562
1574
1586
1608
1620
1662
1692
1704
1716
2013
2025
2088
2100
2112
2124
2136
2148
2160
2172
2184
2206
2218
2260
2288
2300
2312
2324
2336
2397
2409
2421
2798
2810
2817
2824
2831
2838
2845
2852
2870
2877
2889
2912
2924
2936
2948
3064
3076
3104
3116
3128
3152
3164
3176
3188
3200
3296
3308
3320
3353
3365
3377
3421
3433
3445
3457
3469
3764
3776
3788
3829
3841
3853
3915
3937
3958
3970
3982
3994
4006
4018
4030
4042
4054
4066
4078
4090
4102
4114
4126
4138
4150
4162
4174
4186
4198
4210
4222
4234
4246
4258
4270
4282
4294
4306
4318
4340
4352
4364
4408
4433
4445
4492
4517
4529
4541
4553
4702
4714
4726
4778
4790
4802
4878
4890
4902
4914
4926
5198
5210
5222
5285
5297
5309
5378
5400
5425
5437
5449
5461
5473
5485
5497
5509
5521
5533
5545
5557
5569
5581
5593
5605
5617
5629
5641
5653
5665
5677
5689
5709
5721
5733
5799
5811
5823
5835
5847
6008
6020
6032
6106
6118
6130
6179
6191
6203
6300
6317
6329
6341
6353
6365
6442
6454
6466
6546
6558
6570
6582
6594
6754
6766
6778
6863
6875
6887
6951
6963
6975
6987
6999
7289
7301
7313
7407
7419
7431
7495
7516
7536
7548
7560
7572
7584
7596
7608
7620
7632
7644
7656
7668
7680
7692
7704
7716
7728
7740
7752
7764
7776
7788
7800
7812
7824
7836
7848
7860
7872
7893
7905
7917
8207
8224
8236
8319
8331
8343
8355
8367
8379
8391
8416
8428
8450
8475
8487
8499
8511
8523
8543
8555
8567
8579
8591
8603
8615
8627
8639
8651
8663
8688
8713
8725
8732
8739
8746
8753
8760
8767
8779
8791
8898
8910
8922
9299
9311
9326
9333
9345
9357
9733
9740
9747
9754
9761
9768
9775
9793
9800
9812
9835
9847
9859
9871
9974
9986
10014
10026
10038
10062
10074
10086
10098
10110
10209
10221
10233
10266
10278
10290
10334
10346
10358
10370
10382
10677
10689
10701
10742
10754
10766
10828
10850
10871
10883
10895
10907
10919
10931
10943
10955
10967
10979
10991
11003
11015
11027
11039
11051
11063
11075
11087
11099
11111
11123
11135
11147
11159
11171
11183
11195
11207
11219
11231
11253
11265
11277
11321
11346
11358
11405
11430
11442
11454
11466
11615
11627
11639
11691
11703
11715
11791
11803
11815
11827
11839
12111
12123
12135
12198
12210
12222
12291
12313
12338
12350
12362
12374
12386
12398
12410
12422
12434
12446
12458
12470
12482
12494
12506
12518
12530
12542
12554
12566
12578
12590
12602
12622
12634
12646
12712
12724
12736
12748
12760
12921
12933
12945
13019
13031
13043
13092
13104
13116
13213
13230
13242
13254
13266
13278
13355
13367
13379
13459
13471
13483
13563
13575
13587
13599
13611
13686
13698
13710
13722
14100
14112
14119
14126
14133
14140
14147
14154
14161
14168
14175
14182
14189
14196
14203
14210
14217
14224
14231
14238
