1
7
8
14
15
21
22
28
29
35
36
42
43
49
50
56
57
63
64
70
71
77
78
84
85
102
103
109
110
121
122
144
145
156
157
168
169
180
181
192
193
204
205
216
217
332
333
344
345
372
373
384
385
396
397
420
421
432
433
444
445
456
457
468
469
564
565
576
577
588
589
621
622
633
634
645
646
689
690
701
702
713
714
725
726
737
738
1032
1033
1044
1045
1056
1057
1097
1098
1109
1110
1121
1122
1183
1184
1205
1206
1226
1227
1238
1239
1250
1251
1262
1263
1274
1275
1286
1287
1298
1299
1310
1311
1322
1323
1334
1335
1346
1347
1358
1359
1370
1371
1382
1383
1394
1395
1406
1407
1418
1419
1430
1431
1442
1443
1454
1455
1466
1467
1478
1479
1490
1491
1502
1503
1514
1515
1526
1527
1538
1539
1550
1551
1562
1563
1574
1575
1586
1587
1608
1609
1620
1621
1662
1663
1692
1693
1704
1705
1716
1717
2013
2014
2025
2026
2088
2089
2100
2101
2112
2113
2124
2125
2136
2137
2148
2149
2160
2161
2172
2173
2184
2185
2206
2207
2218
2219
2260
2261
2288
2289
2300
2301
2312
2313
2324
2325
2336
2337
2397
2398
2409
2410
2421
2422
2798
2799
2810
2811
2817
2818
2824
2825
2831
2832
2838
2839
2845
2846
2852
2853
2870
2871
2877
2878
2889
2890
2912
2913
2924
2925
2936
2937
2948
2949
3064
3065
3076
3077
3104
3105
3116
3117
3128
3129
3152
3153
3164
3165
3176
3177
3188
3189
3200
3201
3296
3297
3308
3309
3320
3321
3353
3354
3365
3366
3377
3378
3421
3422
3433
3434
3445
3446
3457
3458
3469
3470
3764
3765
3776
3777
3788
3789
3829
3830
3841
3842
3853
3854
3915
3916
3937
3938
3958
3959
3970
3971
3982
3983
3994
3995
4006
4007
4018
4019
4030
4031
4042
4043
4054
4055
4066
4067
4078
4079
4090
4091
4102
4103
4114
4115
4126
4127
4138
4139
4150
4151
4162
4163
4174
4175
4186
4187
4198
4199
4210
4211
4222
4223
4234
4235
4246
4247
4258
4259
4270
4271
4282
4283
4294
4295
4306
4307
4318
4319
4340
4341
4352
4353
4364
4365
4408
4409
4433
4434
4445
4446
4492
4493
4517
4518
4529
4530
4541
4542
4553
4554
4702
4703
4714
4715
4726
4727
4778
4779
4790
4791
4802
4803
4878
4879
4890
4891
4902
4903
4914
4915
4926
4927
5198
5199
5210
5211
5222
5223
5285
5286
5297
5298
5309
5310
5378
5379
5400
5401
5425
5426
5437
5438
5449
5450
5461
5462
5473
5474
5485
5486
5497
5498
5509
5510
5521
5522
5533
5534
5545
5546
5557
5558
5569
5570
5581
5582
5593
5594
5605
5606
5617
5618
5629
5630
5641
5642
5653
5654
5665
5666
5677
5678
5689
5690
5709
5710
5721
5722
5733
5734
5799
5800
5811
5812
5823
5824
5835
5836
5847
5848
6008
6009
6020
6021
6032
6033
6106
6107
6118
6119
6130
6131
6179
6180
6191
6192
6203
6204
6300
6301
6317
6318
6329
6330
6341
6342
6353
6354
6365
6366
6442
6443
6454
6455
6466
6467
6546
6547
6558
6559
6570
6571
6582
6583
6594
6595
6754
6755
6766
6767
6778
6779
6863
6864
6875
6876
6887
6888
6951
6952
6963
6964
6975
6976
6987
6988
6999
7000
7289
7290
7301
7302
7313
7314
7407
7408
7419
7420
7431
7432
7495
7496
7516
7517
7536
7537
7548
7549
7560
7561
7572
7573
7584
7585
7596
7597
7608
7609
7620
7621
7632
7633
7644
7645
7656
7657
7668
7669
7680
7681
7692
7693
7704
7705
7716
7717
7728
7729
7740
7741
7752
7753
7764
7765
7776
7777
7788
7789
7800
7801
7812
7813
7824
7825
7836
7837
7848
7849
7860
7861
7872
7873
7893
7894
7905
7906
7917
7918
8207
8208
8224
8225
8236
8237
8319
8320
8331
8332
8343
8344
8355
8356
8367
8368
8379
8380
8391
8392
8416
8417
8428
8429
8450
8451
8475
8476
8487
8488
8499
8500
8511
8512
8523
8524
8543
8544
8555
8556
8567
8568
8579
8580
8591
8592
8603
8604
8615
8616
8627
8628
8639
8640
8651
8652
8663
8664
8688
8689
8713
8714
8725
8726
8732
8733
8739
8740
8746
8747
8753
8754
8760
8761
8767
8768
8779
8780
8791
8792
8898
8899
8910
8911
8922
8923
9299
9300
9311
9312
9326
9327
9333
9334
9345
9346
9357
9358
9733
9734
9740
9741
9747
9748
9754
9755
9761
9762
9768
9769
9775
9776
9793
9794
9800
9801
9812
9813
9835
9836
9847
9848
9859
9860
9871
9872
9974
9975
9986
9987
10014
10015
10026
10027
10038
10039
10062
10063
10074
10075
10086
10087
10098
10099
10110
10111
10209
10210
10221
10222
10233
10234
10266
10267
10278
10279
10290
10291
10334
10335
10346
10347
10358
10359
10370
10371
10382
10383
10677
10678
10689
10690
10701
10702
10742
10743
10754
10755
10766
10767
10828
10829
10850
10851
10871
10872
10883
10884
10895
10896
10907
10908
10919
10920
10931
10932
10943
10944
10955
10956
10967
10968
10979
10980
10991
10992
11003
11004
11015
11016
11027
11028
11039
11040
11051
11052
11063
11064
11075
11076
11087
11088
11099
11100
11111
11112
11123
11124
11135
11136
11147
11148
11159
11160
11171
11172
11183
11184
11195
11196
11207
11208
11219
11220
11231
11232
11253
11254
11265
11266
11277
11278
11321
11322
11346
11347
11358
11359
11405
11406
11430
11431
11442
11443
11454
11455
11466
11467
11615
11616
11627
11628
11639
11640
11691
11692
11703
11704
11715
11716
11791
11792
11803
11804
11815
11816
11827
11828
11839
11840
12111
12112
12123
12124
12135
12136
12198
12199
12210
12211
12222
12223
12291
12292
12313
12314
12338
12339
12350
12351
12362
12363
12374
12375
12386
12387
12398
12399
12410
12411
12422
12423
12434
12435
12446
12447
12458
12459
12470
12471
12482
12483
12494
12495
12506
12507
12518
12519
12530
12531
12542
12543
12554
12555
12566
12567
12578
12579
12590
12591
12602
12603
12622
12623
12634
12635
12646
12647
12712
12713
12724
12725
12736
12737
12748
12749
12760
12761
12921
12922
12933
12934
12945
12946
13019
13020
13031
13032
13043
13044
13092
13093
13104
13105
13116
13117
13213
13214
13230
13231
13242
13243
13254
13255
13266
13267
13278
13279
13355
13356
13367
13368
13379
13380
13459
13460
13471
13472
13483
13484
13563
13564
13575
13576
13587
13588
13599
13600
13611
13612
13686
13687
13698
13699
13710
13711
13722
13723
14100
14101
14112
14113
14119
14120
14126
14127
14133
14134
14140
14141
14147
14148
14154
14155
14161
14162
14168
14169
14175
14176
14182
14183
14189
14190
14196
14197
14203
14204
14210
14211
14217
14218
14224
14225
14231
14232
14238
